34 · 6161611111666 66116616

tubi da 666616, 16116 61616116 61 61111 161611666111611666666111116116
studio 6611 Annona, uena 1161616616, uella isuologia e 16616616
16166 161 vegetabili come 61116 16116 66166666 11 611616116 661 11-
· 1116611616 1 166661661 16116 1166611611666 6 16116 111611666 1611661-
11116 6611166166 66116 l· 16166616 161161666.

Il Laboratorio 16110116 Botanico 6 666166616 11116 6616, 6611,
6666666 66 66116116 6116116 111161616666661 1161666 11616111· 661
1 asscito 161 6666111 16116 6166161 1666611 0111661661· 661 16 rac-
colte delle 616616, 611 strumenti 61 61666111 66110116, 16 carriolo,
16161616116661 1166666166611 666116 611661166116116 616616 11666-

6616, 16 66116 6666 6666116 661 16 6666611611666 16116 616616 6611Ε1-

1161161666116, 16 tunicella, 1 6611666161 11 ogni 6161116116, 16 616616
6 6666666166611 fili di ierr0,i 6616116666116611611616116611666161
66161, 16 1661116, 16 fornici, 1 lili o anagni colorati, 16 1616 11 66611-
166616,611661116116111 1611666 661 relativi spongioli, 16 66166666
11 cristallo per 6161666616 16 61661166116 (161 116611 161 116116, 1
6616116111,1616666,1616666116,611 6616616161 16116 616616 6 161
bulbi, lc· corbe Δ1“ 6661 616616116 6 1611611616 116111 66616111661611
61166, 11 66616666 611 1616 vulcanica 16666166616,6116 meglio di
6661 61116 66116 6116 6611616 16166161 616116 61661616116616 16616-
611666661166166116. Ν61 66116116 61166666 61 laboratorio 1661116
61 616661666 16 61116 16116 16661116 666 161 vagii 61166111 11 16116
dimensioni 6 16116 6616116 1116116 6611116666616116.

L' Orto Bolanico ha 66 1111611616 chotin 6611 161666 11 Ρ16·
16666161666666616161161611166 116116 R. 0611616111 11 catania, e
siccome 611661661166 0116 Β6166166 11616616666666 10116 siculo,
anch’ 6666 16 166 1661616, 6661 16 1111611666 61 6616616 611666 6
61161116 stabilimento, quantunque l'amministrazione di (1666161-
timo 6 66661616 6 11611616 16 611611666161661116 61616666 11 primo.

ll 1111611616 6616166 16 66116 1661611616 6 616161616116 Stabili-

 

